

8,(array([          0], dtype=float32), array([[     492.33,      274.13,      595.92,      376.07]], dtype=float32))
9,(array([          0,           1], dtype=float32), array([[     491.14,      275.15,      595.57,      377.53],[     409.31,      191.62,      679.96,      458.26]], dtype=float32))
10,(array([          1,           0,           0], dtype=float32), array([[      472.9,      254.93,      610.62,      387.75],[     492.86,       275.2,      597.35,       378.7],[     794.19,      322.82,      894.92,      424.72]], dtype=float32))
15,(array([          0], dtype=float32), array([[     678.65,      515.49,      780.52,      618.12]], dtype=float32))
16,(array([          0,           1], dtype=float32), array([[     678.78,      515.72,      780.28,      618.66],[     613.98,       451.6,      841.32,      675.71]], dtype=float32))
17,(array([          0], dtype=float32), array([[     676.99,      515.84,       780.2,      619.98]], dtype=float32))
19,(array([          0], dtype=float32), array([[     491.63,      178.89,       596.3,      281.61]], dtype=float32))
20,(array([          0,           1], dtype=float32), array([[     490.48,      176.18,      595.66,      282.29],[     420.08,      108.89,      668.63,      352.22]], dtype=float32))
21,(array([          0,           0,           1], dtype=float32), array([[     245.87,      141.58,      348.79,      245.14],[     492.75,      179.32,       594.6,      280.38],[     135.18,      32.986,      455.59,      349.58]], dtype=float32))
22,(array([          0,           1], dtype=float32), array([[     245.77,      141.23,      349.46,      245.48],[     215.33,       109.8,      379.48,      274.01]], dtype=float32))
25,(array([          0], dtype=float32), array([[     595.03,       274.8,      697.93,      376.62]], dtype=float32))
26,(array([          0,           1], dtype=float32), array([[     594.81,      274.41,      698.48,      376.93],[      526.6,      206.73,      763.07,      438.91]], dtype=float32))
27,(array([          0], dtype=float32), array([[     591.81,      272.47,      701.55,       379.8]], dtype=float32))
30,(array([          0], dtype=float32), array([[     589.41,      267.28,       695.9,      373.64]], dtype=float32))
31,(array([          0,           0,           1], dtype=float32), array([[      590.6,      269.36,      699.28,      378.24],[     509.38,      501.75,      612.31,       603.8],[     526.82,      209.28,      754.56,      438.47]], dtype=float32))
32,(array([          0,           1,           1,           0], dtype=float32), array([[     508.92,      500.65,      614.11,      604.26],[     420.16,       411.5,      704.05,      693.74],[     571.07,      254.73,      711.39,      392.39],[     595.74,      276.32,      696.62,      376.53]], dtype=float32))
33,(array([          0,           0,           1,           1], dtype=float32), array([[     510.53,      500.98,      613.56,       603.4],[     756.26,      458.51,      859.68,      561.38],[     654.49,      358.53,      961.41,      658.44],[     480.48,      474.21,      642.17,       633.4]], dtype=float32))
34,(array([          0,           1], dtype=float32), array([[     756.73,      458.61,      860.82,      562.08],[     721.73,      422.73,      894.21,      593.72]], dtype=float32))
36,(array([          0], dtype=float32), array([[      433.6,      515.88,      536.47,      617.94]], dtype=float32))
37,(array([          0,           1], dtype=float32), array([[     431.84,      514.58,      535.25,      618.44],[     344.84,       426.7,      632.68,      705.11]], dtype=float32))
38,(array([          0,           1], dtype=float32), array([[     435.42,       517.5,      535.62,      618.97],[     404.41,      483.88,      570.14,       650.2]], dtype=float32))
49,(array([          0,           1], dtype=float32), array([[     726.27,      179.45,      828.06,      281.86],[      611.1,      66.395,      938.82,      396.13]], dtype=float32))
50,(array([          0,           0,           1], dtype=float32), array([[     727.89,      179.86,      827.21,      280.79],[     624.47,      395.02,      726.88,      496.92],[     681.44,       133.2,      869.62,      323.06]], dtype=float32))
51,(array([          0,           1], dtype=float32), array([[     623.71,      392.49,      727.74,      494.21],[     539.88,      300.15,      823.15,      586.27]], dtype=float32))
52,(array([          0,           1], dtype=float32), array([[     621.14,      385.85,      732.51,      496.17],[     611.07,      378.64,      742.74,      503.39]], dtype=float32))
53,(array([          0], dtype=float32), array([[     470.53,      471.69,      571.48,       573.2]], dtype=float32))
54,(array([          0,           1], dtype=float32), array([[     470.63,      473.71,      571.95,      576.21],[     374.22,      376.16,      673.67,      667.41]], dtype=float32))
55,(array([          0,           1], dtype=float32), array([[     471.64,      474.26,       574.7,      578.26],[     429.82,      435.06,      612.03,      613.54]], dtype=float32))
57,(array([          0], dtype=float32), array([[     601.49,      404.98,      701.54,      507.08]], dtype=float32))
58,(array([          0,           1], dtype=float32), array([[     600.98,      404.34,      702.68,      507.89],[     525.93,       334.3,      774.76,      578.84]], dtype=float32))
62,(array([          0,           1], dtype=float32), array([[     395.06,      266.89,      499.03,      370.49],[     268.59,      150.64,      622.05,       489.3]], dtype=float32))
63,(array([          0,           1], dtype=float32), array([[     395.91,      267.35,      498.76,      369.78],[     351.92,      224.42,      544.09,       416.6]], dtype=float32))
66,(array([          0], dtype=float32), array([[     841.37,       566.3,      943.98,      670.43]], dtype=float32))
68,(array([          0], dtype=float32), array([[     553.89,      497.96,      654.62,       599.2]], dtype=float32))
69,(array([          0,           0,           1], dtype=float32), array([[      552.4,      494.82,      656.66,      600.11],[     565.57,      377.48,       667.9,       479.2],[     463.75,      405.82,      753.83,      686.26]], dtype=float32))
70,(array([          0,           0,           1], dtype=float32), array([[     562.86,      371.81,      669.96,      477.41],[     553.18,      496.76,      657.35,      600.35],[     504.23,      317.71,      722.28,      530.48]], dtype=float32))
74,(array([          0], dtype=float32), array([[     931.35,       432.4,      1031.9,      531.92]], dtype=float32))
75,(array([          0,           1], dtype=float32), array([[     930.21,      431.37,        1032,      533.68],[     827.15,      325.39,      1139.8,      637.49]], dtype=float32))
76,(array([          0], dtype=float32), array([[     931.48,       434.4,      1032.4,       534.7]], dtype=float32))
84,(array([          0], dtype=float32), array([[     601.71,      464.08,       704.4,       567.2]], dtype=float32))
85,(array([          0], dtype=float32), array([[     603.95,      464.46,      703.67,      564.88]], dtype=float32))
90,(array([          0], dtype=float32), array([[     654.14,      127.81,      757.62,      230.86]], dtype=float32))
91,(array([          0,           1], dtype=float32), array([[     653.68,      125.37,      759.32,      229.71],[     571.61,      44.295,      842.11,      313.86]], dtype=float32))
92,(array([          1,           0], dtype=float32), array([[     635.44,      107.19,      777.61,      247.71],[     653.53,      123.59,      760.19,      229.52]], dtype=float32))
94,(array([          0], dtype=float32), array([[     877.15,      442.33,      978.54,      541.85]], dtype=float32))
95,(array([          0], dtype=float32), array([[     878.61,      438.95,      979.75,      539.62]], dtype=float32))
96,(array([          0], dtype=float32), array([[     876.43,      439.22,      982.78,      543.49]], dtype=float32))
99,(array([          0], dtype=float32), array([[     793.58,       554.8,      894.66,      657.71]], dtype=float32))
100,(array([          0], dtype=float32), array([[     794.62,      554.46,      896.15,      657.13]], dtype=float32))
101,(array([          0,           1], dtype=float32), array([[      335.1,      477.54,      439.12,      581.65],[     206.18,      359.23,      559.82,      700.07]], dtype=float32))
102,(array([          0,           1], dtype=float32), array([[     334.03,      475.04,      441.16,      581.25],[     269.75,      413.16,      502.82,       640.6]], dtype=float32))
103,(array([          0], dtype=float32), array([[     329.66,      474.18,      445.63,      588.24]], dtype=float32))
106,(array([          0], dtype=float32), array([[     236.27,      402.99,      335.31,      502.28]], dtype=float32))
107,(array([          0,           1], dtype=float32), array([[     235.37,      401.89,      336.59,      503.72],[      139.8,      303.68,      436.96,      594.93]], dtype=float32))
108,(array([          0,           1], dtype=float32), array([[     236.14,      401.47,      338.64,      503.58],[     200.71,      366.65,       369.8,      535.95]], dtype=float32))
109,(array([          0], dtype=float32), array([[     337.75,      220.52,      436.92,      320.62]], dtype=float32))
110,(array([          0,           1], dtype=float32), array([[     337.61,      219.82,      438.42,      321.46],[      258.4,      140.46,      514.86,      399.04]], dtype=float32))
111,(array([          1,           0], dtype=float32), array([[     317.06,      201.53,      458.67,      337.75],[     336.13,      218.67,      439.64,      322.51]], dtype=float32))
115,(array([          0], dtype=float32), array([[     486.06,      442.41,      586.03,       542.6]], dtype=float32))
116,(array([          0,           1], dtype=float32), array([[     484.09,      443.37,      587.27,      546.12],[     410.46,      367.49,      661.32,       619.3]], dtype=float32))
117,(array([          1,           0], dtype=float32), array([[     467.95,       425.1,      604.89,      557.41],[     485.96,      442.23,      589.11,      545.42]], dtype=float32))
124,(array([          0], dtype=float32), array([[     636.42,      339.95,      739.99,       442.3]], dtype=float32))
125,(array([          0,           1], dtype=float32), array([[     636.81,      339.74,       740.4,       441.7],[     553.68,      257.48,      820.53,      520.97]], dtype=float32))
126,(array([          0,           1,           0], dtype=float32), array([[     636.75,      339.94,      738.92,      441.28],[      612.1,      316.44,      758.58,      462.94],[     907.82,      261.22,      1010.9,      364.64]], dtype=float32))
127,(array([          0], dtype=float32), array([[     907.98,      263.01,      1014.9,      370.22]], dtype=float32))
132,(array([          0,           1], dtype=float32), array([[     324.69,      211.01,      428.18,      314.54],[     214.42,      98.514,      534.23,      421.24]], dtype=float32))
133,(array([          0,           1], dtype=float32), array([[     326.62,      211.38,      428.33,      313.48],[     272.14,      158.02,      476.78,      359.78]], dtype=float32))
134,(array([          0,           1], dtype=float32), array([[     330.51,      213.61,      433.35,       316.4],[     308.23,      196.27,      451.64,      336.81]], dtype=float32))
135,(array([          0], dtype=float32), array([[     445.38,      323.06,      550.57,      426.99]], dtype=float32))
136,(array([          0,           1], dtype=float32), array([[      445.2,      323.29,      554.22,      430.04],[     372.58,      247.21,      630.03,       506.5]], dtype=float32))
137,(array([          0,           1], dtype=float32), array([[     443.55,      323.73,      557.57,       436.4],[     409.57,      294.46,      586.88,      468.03]], dtype=float32))
140,(array([          0], dtype=float32), array([[      563.9,      166.74,      666.48,      268.09]], dtype=float32))
141,(array([          0,           1], dtype=float32), array([[     562.99,      164.67,      668.85,      270.31],[     482.69,      81.982,      749.58,      350.73]], dtype=float32))
142,(array([          0,           0,           1], dtype=float32), array([[     527.82,      297.01,      632.53,      400.24],[     562.97,      163.16,      669.62,      268.14],[     548.32,      148.48,      680.46,      279.14]], dtype=float32))
143,(array([          0], dtype=float32), array([[     528.59,       294.9,      635.54,       400.7]], dtype=float32))
145,(array([          0], dtype=float32), array([[     354.92,      471.92,      457.41,      574.08]], dtype=float32))
147,(array([          0,           1], dtype=float32), array([[     582.48,       477.2,       684.7,      579.98],[     464.01,      361.63,      796.98,      689.84]], dtype=float32))
148,(array([          0], dtype=float32), array([[     584.01,      479.98,      684.61,      581.13]], dtype=float32))
151,(array([          0,           1], dtype=float32), array([[     582.22,      478.04,      684.43,      580.89],[     485.52,      378.42,      784.16,      672.81]], dtype=float32))
152,(array([          0,           1], dtype=float32), array([[     582.44,      477.59,      684.74,      579.86],[     547.16,      442.87,      716.57,      611.71]], dtype=float32))
154,(array([          0], dtype=float32), array([[     494.02,      76.719,      594.45,      176.97]], dtype=float32))
155,(array([          0], dtype=float32), array([[     493.76,      75.838,      595.58,      177.93]], dtype=float32))
156,(array([          0], dtype=float32), array([[     490.48,      74.804,      596.28,      180.77]], dtype=float32))
157,(array([          0], dtype=float32), array([[     578.16,      339.04,      681.14,      441.12]], dtype=float32))
158,(array([          0,           0], dtype=float32), array([[     578.03,      338.47,      681.98,      441.38],[     642.74,      575.08,      745.44,      677.39]], dtype=float32))
159,(array([          0], dtype=float32), array([[     439.09,       454.2,      540.71,      556.75]], dtype=float32))
160,(array([          0,           1], dtype=float32), array([[     438.77,      453.02,      541.74,      556.64],[     347.45,      361.92,      639.75,      647.28]], dtype=float32))
161,(array([          0,           0,           0,           1,           1], dtype=float32), array([[     439.07,       454.2,      540.75,      556.09],[     412.79,      299.26,      515.79,      401.32],[      540.8,      355.84,      645.12,      458.65],[     323.09,      207.41,      612.28,      491.24],[     413.73,      428.96,      560.23,      578.59]], dtype=float32))
162,(array([          0,           0], dtype=float32), array([[     415.12,      300.03,      516.89,      401.55],[     512.41,      196.96,      612.92,      297.92]], dtype=float32))
163,(array([          0], dtype=float32), array([[     512.28,      197.06,      621.14,      305.23]], dtype=float32))
164,(array([          0], dtype=float32), array([[     517.36,      199.21,      619.95,      301.58]], dtype=float32))
168,(array([          0], dtype=float32), array([[      732.3,      269.19,      835.73,      371.79]], dtype=float32))
172,(array([          0], dtype=float32), array([[     803.09,      376.02,      899.82,      472.81]], dtype=float32))
173,(array([          0,           1], dtype=float32), array([[     801.06,      375.56,       900.1,      475.62],[     779.01,      354.49,      920.09,      494.06]], dtype=float32))
176,(array([          0], dtype=float32), array([[     486.82,       65.66,      589.85,       169.6]], dtype=float32))
177,(array([          0,           1,           0], dtype=float32), array([[     402.91,      178.39,       506.4,      280.73],[     324.38,      96.895,      579.86,      357.06],[     488.43,      63.154,      592.35,      168.46]], dtype=float32))
178,(array([          0,           0,           1], dtype=float32), array([[     402.32,      177.81,      504.82,      281.73],[     541.55,       199.8,      645.15,      303.56],[     379.38,      155.92,      525.85,      300.34]], dtype=float32))
179,(array([          0], dtype=float32), array([[     535.13,      194.53,         649,      306.58]], dtype=float32))
182,(array([          0], dtype=float32), array([[     534.76,      178.14,      637.98,       281.9]], dtype=float32))
183,(array([          0,           1], dtype=float32), array([[     533.42,      179.26,      637.04,       283.7],[     450.25,       93.38,       727.4,      364.85]], dtype=float32))
184,(array([          0,           1], dtype=float32), array([[     534.48,      179.53,      636.26,      281.65],[     507.86,       154.4,      655.63,      301.32]], dtype=float32))
187,(array([          0,           1], dtype=float32), array([[      534.7,      179.52,      636.39,      281.36],[     435.73,      77.332,      739.47,      377.54]], dtype=float32))
188,(array([          0], dtype=float32), array([[     534.53,      180.12,      632.56,      279.26]], dtype=float32))
190,(array([          0], dtype=float32), array([[     271.71,      538.33,      373.61,      639.98]], dtype=float32))
191,(array([          0], dtype=float32), array([[     269.82,       537.4,      374.77,      641.29]], dtype=float32))
192,(array([          0], dtype=float32), array([[     267.22,      532.66,      379.25,      643.38]], dtype=float32))
194,(array([          0], dtype=float32), array([[     810.66,      404.57,      913.51,      508.41]], dtype=float32))
195,(array([          0,           1], dtype=float32), array([[     810.91,      405.65,      911.68,      507.08],[     737.11,      333.11,      986.46,      579.81]], dtype=float32))
196,(array([          1,           0], dtype=float32), array([[     791.95,      386.13,      933.04,      523.67],[     749.92,      284.68,      856.46,      390.69]], dtype=float32))
199,(array([          0], dtype=float32), array([[     362.14,      535.04,      465.63,      640.11]], dtype=float32))
200,(array([          0], dtype=float32), array([[     361.84,      539.12,      462.05,      640.71]], dtype=float32))
201,(array([          0], dtype=float32), array([[     413.73,       123.3,      517.36,      225.71]], dtype=float32))
202,(array([          0,           0], dtype=float32), array([[     445.35,      257.62,      545.08,      356.18],[      415.5,      124.21,      517.93,      226.55]], dtype=float32))
203,(array([          0,           1], dtype=float32), array([[     444.73,       257.7,      547.05,      357.87],[     409.13,      222.58,      579.59,      392.51]], dtype=float32))
205,(array([          0,           1], dtype=float32), array([[     744.98,      423.05,      846.89,      527.78],[     635.16,      311.95,      952.14,      628.79]], dtype=float32))
206,(array([          0], dtype=float32), array([[     746.31,      422.68,      849.33,      528.75]], dtype=float32))
207,(array([          0], dtype=float32), array([[     744.42,      418.34,      853.14,      525.99]], dtype=float32))
208,(array([          0], dtype=float32), array([[     745.61,      421.27,      849.33,      526.15]], dtype=float32))
209,(array([          0], dtype=float32), array([[     584.08,      287.95,      685.12,      389.26]], dtype=float32))
214,(array([          0], dtype=float32), array([[     353.81,      299.02,       457.9,      402.86]], dtype=float32))
215,(array([          0,           1], dtype=float32), array([[     354.12,      297.97,      456.91,      400.22],[     331.02,      275.84,      476.86,      420.26]], dtype=float32))
218,(array([          0], dtype=float32), array([[     630.15,      515.09,       732.7,         618]], dtype=float32))
219,(array([          0], dtype=float32), array([[     632.01,      515.62,      731.05,      616.58]], dtype=float32))
220,(array([          0], dtype=float32), array([[     628.64,      515.17,      732.79,      619.14]], dtype=float32))
222,(array([          0], dtype=float32), array([[      570.4,      172.53,      671.51,       275.1]], dtype=float32))
223,(array([          0,           1], dtype=float32), array([[     570.33,      172.43,      671.82,       275.7],[     490.29,       90.11,      755.81,      355.15]], dtype=float32))
224,(array([          0,           1], dtype=float32), array([[     571.48,      172.08,      674.99,      275.61],[     547.72,      149.48,      692.55,      295.18]], dtype=float32))
225,(array([          0], dtype=float32), array([[     347.84,      80.672,      452.61,      183.37]], dtype=float32))
226,(array([          0,           1], dtype=float32), array([[     348.46,      82.714,      453.02,      185.86],[     312.62,      47.782,      486.77,      220.36]], dtype=float32))
231,(array([          1,           0], dtype=float32), array([[     240.75,      356.36,       557.9,      673.64],[     347.57,      466.86,      451.46,      570.36]], dtype=float32))
232,(array([          1,           0], dtype=float32), array([[     304.02,      424.95,      493.87,      609.68],[     346.96,       464.4,      451.94,       570.2]], dtype=float32))
235,(array([          0], dtype=float32), array([[     210.96,      388.36,      312.14,      490.02]], dtype=float32))
236,(array([          0,           0,           1], dtype=float32), array([[     211.04,      387.68,      315.38,      491.38],[     240.73,      526.03,      342.86,      628.57],[     134.33,      312.13,      388.48,      565.94]], dtype=float32))
237,(array([          0,           0,           1], dtype=float32), array([[     238.62,      524.02,      344.46,      629.26],[     208.52,      387.13,      314.97,      492.08],[     200.79,      485.68,      380.45,       666.3]], dtype=float32))
241,(array([          0,           1,           0], dtype=float32), array([[     522.34,      122.76,      625.15,      226.33],[     421.55,      19.169,      728.72,      324.05],[     659.91,      145.28,      761.86,      245.13]], dtype=float32))
242,(array([          0,           0,           1,           1], dtype=float32), array([[     522.67,      123.05,      626.78,      227.66],[     658.57,      139.38,      764.85,      245.18],[     485.51,      88.057,       660.2,       261.6],[     589.87,      71.233,      835.18,      315.87]], dtype=float32))
243,(array([          0], dtype=float32), array([[     658.48,      139.66,         765,      244.84]], dtype=float32))
244,(array([          0,           1], dtype=float32), array([[      683.9,      277.53,      788.36,      380.69],[     557.89,      163.61,       909.8,      500.83]], dtype=float32))
245,(array([          0,           1], dtype=float32), array([[     684.16,      277.98,      788.55,      381.71],[     621.14,      218.27,      847.75,      439.29]], dtype=float32))
246,(array([          0], dtype=float32), array([[     676.12,       269.3,      795.66,       389.1]], dtype=float32))
247,(array([          0,           1], dtype=float32), array([[     683.39,      278.91,      787.12,      382.64],[     613.67,       210.8,      853.96,      448.24]], dtype=float32))
248,(array([          1,           0], dtype=float32), array([[     671.73,       265.4,      793.76,      389.55],[     679.16,      278.27,      788.61,      386.76]], dtype=float32))
249,(array([          0], dtype=float32), array([[     685.31,      281.28,      784.27,      379.47]], dtype=float32))
250,(array([          0,           1], dtype=float32), array([[     685.14,      279.22,      788.47,      380.94],[     594.94,      188.25,      881.17,      469.66]], dtype=float32))
251,(array([          0], dtype=float32), array([[     686.01,      281.33,      785.29,      378.72]], dtype=float32))
253,(array([          0], dtype=float32), array([[     299.68,      188.71,      403.85,      291.45]], dtype=float32))
254,(array([          0,           0,           1,           1], dtype=float32), array([[        259,       322.9,      361.95,      424.51],[     299.72,       188.2,      404.65,      291.91],[     160.02,      220.55,      463.19,      519.31],[      236.9,         128,      463.96,       355.8]], dtype=float32))
255,(array([          0,           1,           0], dtype=float32), array([[     258.58,       320.9,      362.13,      425.33],[     226.49,       289.2,      390.38,      453.15],[     292.86,       180.7,      413.47,      300.21]], dtype=float32))
256,(array([          0], dtype=float32), array([[     475.09,      568.36,      574.95,      669.82]], dtype=float32))
257,(array([          0,           0], dtype=float32), array([[     587.52,      488.19,      691.72,      590.29],[     474.97,      567.14,      577.31,      670.59]], dtype=float32))
258,(array([          0,           0], dtype=float32), array([[     258.48,      322.14,      362.68,      425.09],[     588.86,      491.11,      691.49,      591.52]], dtype=float32))
259,(array([          0,           0,           1,           1], dtype=float32), array([[        258,      321.08,      364.36,       426.1],[     355.16,      226.44,      458.77,      329.38],[     246.78,      116.67,      563.68,      435.08],[     189.01,      253.75,      430.12,      491.82]], dtype=float32))
260,(array([          0,           0,           1,           1,           0], dtype=float32), array([[     354.18,      225.81,      460.14,      331.15],[     254.44,      320.25,      365.61,      427.86],[     310.53,      182.33,      503.43,      374.47],[     247.16,      310.38,      370.26,       435.9],[     697.78,      413.61,      798.65,      515.42]], dtype=float32))
261,(array([          0], dtype=float32), array([[     444.02,      532.23,      547.87,      635.02]], dtype=float32))
262,(array([          0], dtype=float32), array([[      684.9,      538.16,      787.13,       638.2]], dtype=float32))
263,(array([          0,           0], dtype=float32), array([[      684.9,      535.97,      788.69,      637.94],[     809.69,      475.38,      916.32,      582.26]], dtype=float32))
264,(array([          0,           1], dtype=float32), array([[     810.44,       478.5,      914.04,      579.24],[     763.69,      434.57,      958.12,      628.56]], dtype=float32))
268,(array([          0,           0], dtype=float32), array([[     644.01,      108.03,      745.02,      207.67],[     727.31,      213.14,      829.67,      315.26]], dtype=float32))
269,(array([          0,           0,           1,           0], dtype=float32), array([[     600.85,      256.76,      702.25,      359.16],[     643.31,      106.51,      745.05,      206.49],[     488.86,      145.12,      812.65,      466.61],[      739.9,      335.05,      834.42,      430.27]], dtype=float32))
270,(array([          1,           0,           0,           1,           0], dtype=float32), array([[     625.55,      92.692,      759.16,      221.83],[      600.8,      255.19,       702.2,      357.48],[      638.8,      105.47,       746.7,      212.84],[     553.22,      208.91,      751.15,      401.67],[     739.73,       332.9,      840.81,      433.27]], dtype=float32))
271,(array([          1,           0], dtype=float32), array([[     720.44,      317.61,      859.09,      450.94],[     738.98,      335.13,       841.7,      436.75]], dtype=float32))